   1.9604100e+03   1.9604100e+03
   2.0405100e+03   2.0405100e+03
   2.0221900e+03   2.0221900e+03
   1.9392700e+03   1.9392700e+03
   1.9154600e+03   1.9154600e+03
   1.8881000e+03   1.8881000e+03
   1.8584000e+03   1.8584000e+03
   1.8990700e+03   1.8990700e+03
   1.9713400e+03   1.9713400e+03
   2.0470300e+03   2.0470300e+03
   2.1272500e+03   2.1272500e+03
   2.3442300e+03   2.3442300e+03
   2.3976900e+03   2.3976900e+03
   2.4203800e+03   2.4203800e+03
   2.5865800e+03   2.5865800e+03
   2.4953600e+03   2.4953600e+03
   2.4390900e+03   2.4390900e+03
   2.5549400e+03   2.5549400e+03
   2.7319000e+03   2.7319000e+03
   3.0232900e+03   3.0232900e+03
